00000000000000000000000000000000000000000001000000000000000000000000000000000000
00000000000010000000000000000000000000000101000000000000000000110000000100000000
00000000000111000000000000000001100000011000000000000110000000011000000001110000
00000000000010000000000000000010001000011000000000000110000000000001000000000000
00000100000000000001100000000100000100011000000000000000000000000001000000000000
00001110000000000001100000000100010110000101000000000000000000000010100000000000
00000100000000000000000000000100000100000001000000000000000000000001000000000000
00000000000000000000000000000010001000000000000000000001000000000001000000000000
00000000000000000000000000000001100000000000000000000110000000000001000000000000
00000000000000000000000000000000000000000000000000000010000000000001000000000000
00000000000000000000000000000000000000000000000000000000000000000010100000000000
00000000000000000000000000000011000000000000000000000010000000000001000000000000
00000000110111111000000000000100100000000000000000000110000000000001000000000000
00000000110111111000000000000011000000000000000000000001000000000000000000000000
00000000110000011000000000100000000000000000000000000000000000000000000000000000
00000000110000011000000001010000000000000000000000000000000000010000000000000000
00000000110000011000000010010000000000000000000000000000000000001110000000000000
00000000110000011000000001100000000000000000000000000110000000000000000000000000
00000000111111011000000000000000001000000000000000000101000000000000000000000000
00000000111111011000000000000000110000000000100000000011000000000000000000000000
00000000000000000000000000000000010000000001110000000000000000001000000000000000
00000000000000000000000000000000000000000000000000000000000000001100000000000000
00001000010000000000000000000000000000000000000000000000000000011000000000000000
00110111101000000000000000000000000000000000000000000000000000000000000000000000
00001000010000000000000000000000000000000000000000000000000000000000000000000000
