00000000000000000000000000000000000000000000000000000000000000000000000000000000
00010000100001000010000000000100000000000000000000000000000000000000000000000000
00010100101001010010100000000101000000000000000000000000000000000000000000000000
00101001010010100101000000001010000000000000000000000000000000000000000000000000
00001000010000100001000100000010001000000000000000000000000000000000000000000000
00000000000000000000000101000000001010000000000000000000000000000000000000000000
00000000000000000000001010000000010100000000000000000000000000000000000000000000
00000000100001000010000010000000000100000000000000000000000000000000000000000000
00000000101001010010100000000000000000000000000000000000000000000000000000000000
00000001010010100101000000000000000100000000000000000000000000000000000000000000
00010000010000100001000000000000000100000000000000000000000000000000000000111000
00010100000000000000000000000000000100000000000000000000000000000000000000100000
00101000000000000000000000000000000000000000000000000000000000000000000000010000
00001000100001000010000100000000001000000000000000000000000000000000011100000000
00000000101001010010100101000000001010000000000000000000000000000000010000000000
00000001010010100101001010000000010100000000000000000000000000000000001000111000
00000000010000100001000010000000000100000000000000000000000000001110000000100000
00000000000000000000000000000000000000000000000000000000000000001000000000010000
00000000000000000000000000000000000000000000000000000000000000000100001110000000
00000000000000000000000000000000000000000000000000000000000111000000001000000111
00000000000000000000000000000000000000000000000000000000000100000000000100000100
00000000000000000000000000000000000000000000000000000000000010000011100000000010
00000000000000000000000000000000000000000000000000000011100000000010000001110000
00000000000000000000000000000000000000000000000000000010000000000001000001000000
00000000000000000000000000000000000000000000000000000001000000000000000000100000
