00000000000000000000000000000000000000000000000000000001000010000000000000000000
00010000100001000010000000000100000000000000110000000110111101100000000000110000
00010100101001010010100000000101000000000011001100000001000010000000000000100000
00101001010010100101000000001010000000000000110000000000000000000000000110100000
00001000010000100001000100000010001000000000000000000000000000000000001001000000
00110000110010000000000101000000001010000000000000011000000000000000001000000000
01100000101101000000001010000000010100000000110000010100000000000000000010000000
00100000100101000010000010000000000100000000101000001010000000000000010010000000
00000000101001010010100000000000000000000000010000000101000000000000101100000000
00000001010010100101000000000000000100000000000000000011000000000000100000000000
00010000010000100001000000100000000100000000000000000000000000000001100000000000
00010100000000000000000001110000000100000000000000000000000000000000000000100000
00101000000000000000000000100000000000000000000001100000100000000000000001010000
00001000100001000010000100000000001000000000000001110000100000000000000000100000
00000000101001010010100101110000001010000000000000100110100000000000010000000000
00000001010010100101001010010000010100000000000000000110100000000000001000111000
00000000010000100001000010100000000100000001100000000000000000001110000000100000
00000000001000010000000001000100000000010101101010000000000000001000000000010000
00000000110111101100000000000100000000010001100010000000110000001000011100000000
00011000001000010000000000001010000000001110011100000000000111000000001000000111
00011000000000000000000000000100000000000001100000000000000100000000000100000100
00000110000000000000000000000100000000000010010000000000000011000111100000000010
00000001100000000000000000001110000000000001100000000011100000001010000001110000
00000001100000000000000000010101000000000001100000000010000000000101000001000000
00000000000000000000000000000000000000000000000000000001000000000000000000100000
