00000000000000000000000000000000000000000000000000000000000000000000000000000000
00000000000000000000000000000100000000000000000000000000000000000000000000100000
00000001101111110000000000001110000000000000000000000000000000000000000000100000
00000001101111110000000000000100000000000000000000000001111110110000000000100000
00000001100000000000000000000000000000000000000000000001111110110000000000000000
00000001100000110000000000000000000000000000000000000000000000110000000000000000
00000001100000110000000010000000000010000000011000000001100000110000001000000000
00000001100000110000000111000000000010000000101000000001100000110000011000000000
00000000000000110000000010000000000010000000010000000001100000110000001011110000
00000001111110110000000000000000000000000000000000000001100000000000010100000000
00000001111110110000000000000000000000100000000000000001101111110000001000000000
00000000000000000000000000000000000001110000000000000001101111110000000000000000
00000000000000011000000000000000000000100000000000000000000000000000000000011100
00001100000000010100000000011000000000000000000000000000000000000000000000010000
00001100000000001010000000011000000000000010000100000000000000000000000000001000
00000000000000000110000000011000000000001101111011000000010000000000000000000000
00000000000000000000000000011100000000000010000100000000101000000000000000000000
00000000000000000110000000000000000000000000000000000000010000010000000001110000
00000000000000001010000000000000000000000000000000000000010000010000000001000000
00000000011000001100000000000000000000000000000000000000010000101000000000100000
00000000101000000111000010000000000000000000000011100000010000010000000000000000
00000001010000110010000111000000000000000000000010000000000000011000000000000000
00000001100001001000000010000000000000111000000001000000000000010000000000100000
00000000000000001000000000000000000000100000000000000000000000010000000001110000
00000000000000000000000000000000000000010000000000000000000000000000000000100000
