00000001000000000000000000010000000000000000000010000000000000000000000000000000
00000000000000000000000001010000000000000000000101000000000000010000000000000000
00000000000000011000000110000000000001100000000011000000000000010000000000110000
00000000000000100010000110000000000001100000000000000000000000010000000000110000
00011000000001000001000110000000000000000000000000000000000000000000000000000000
00011000000001000101100001010000000000000000000000000000000000000000000000000000
00000000000001000001000000010000000000001000010000000000000000000000000000000000
00000000000000100010000000000000000000110111101100000000000000000000110111111000
00000000000000011000000000000000000000001000010000000000000000000000110111111000
00000000000000000000000000000000000000000000000000000000000000000000110000000000
11000000000000000000000000000000000000000000000000000000000000000000110000011000
11000000000000000000000000000000000000000000000000000000000000000000110000011000
00000000000000000000000000000000000000000000000000000000000000000000110000011000
00000000000000000100000000000000000000000000000000000000000000000000000000011000
00000001000000000100000000000000000000000000000000000000000000000000111111011000
00000001000000001010000000000000000000000000011011111100000000000000111111011000
00000001000000000100000000000000000000000000011011111100000000000000000000000000
00000000000000000100000000000000000000000000011000000000000000000000000000000000
00000000000000000000000000000000000000000000011000001100000000000000000000000000
00100000000000000000000000000000000000000000011000001100000000000000000000000000
00100000001110000100000000000010000000000000011000001100000000000000000000000000
00100000000000001010000000000101000000000000000000001100000000000000000000000000
00000000000000000100000000000010000000000000011111101100000000000000000110000000
00000001000000000000000000000000000000000000011111101100000000000000000110000000
00000001000000000000000000000000000000000000000000000000000000000000000000000000
